152639415
150674269
144459421
116783928
121941967
85278069
90627088
107510158
38323890
75018365
38332887
147490824
71129768
38333038
115088435
87095437
152680029
147491326
149654875
74947460
121179643
151593975
110012058
107510136
131200190
151837123
89203844
38328473
85270205
83607606
75017956
146896319
77070208
65622201
101519070
110139786
136917799
147531216
84110079
116486284
38305288
151327193
38311122
38323853
38319683
145298012
76226622
38303662
115637448
108085228
101600247
38320252
79935669
38325835
94413695
66898456
151292158
63997540
82455768
154960908
90630311
78280297
38342103
125969109
75674569
87107417
151919201
141883103
38327421
84586517
38311584
75018008
38316881
101088247
38314009
97339645
148009855
115299964
64080174
106287229
127340301
38334311
137626850
38304514
85268830
75018062
38305564
116707869
38334436
75018946
121224506
38306228
147527087
63896037
71638769
109065180
154960369
83719270
93320633
38325437
85269359
38315464
89114788
38325580
109226408
38306750
38328266
38327223
38330361
132636977
38307689
