240,12,69,48,True
288,14,72,48,True
336,11,67,48,True
384,11,67,48,True
432,0,48,48,True
480,3,53,48,True
528,0,48,48,True
576,2,52,48,True
624,2,52,48,True
672,4,55,48,True
720,10,65,48,True
768,11,67,48,True
816,0,48,48,True
864,3,53,48,True
912,0,48,48,True
960,0,48,48,True
1008,2,52,48,True
1056,5,57,48,True
1104,2,52,48,True
1152,1,50,48,True
1200,1,50,48,True
1248,3,53,48,True
1296,0,48,48,True
1344,2,52,48,True
1392,2,52,48,True
1440,4,55,48,True
1488,1,50,48,True
1536,0,48,48,True
1584,2,52,48,True
1632,5,57,48,True
1680,6,59,48,True
1728,7,60,192,True
1920,11,67,48,True
1968,7,60,48,True
2016,11,67,48,True
2064,11,67,48,True
2112,14,72,48,True
2160,10,65,48,True
2208,14,72,48,True
2256,11,67,48,True
2304,12,69,48,True
2352,0,48,48,True
2400,3,53,48,True
2448,0,48,48,True
2496,0,48,48,True
2544,2,52,48,True
2592,5,57,48,True
2640,2,52,48,True
2688,11,67,48,True
2736,11,67,48,True
2784,11,67,48,True
2832,14,72,48,True
2880,14,72,48,True
2928,11,67,48,True
2976,11,67,48,True
3024,13,71,48,True
3072,12,69,48,True
3120,3,53,48,True
3168,5,57,48,True
3216,2,52,48,True
3264,0,48,48,True
3312,2,52,48,True
3360,7,60,48,True
3408,5,57,48,True
3456,9,64,48,True
3504,2,52,48,True
3552,5,57,144,True
3696,8,62,48,True
3744,9,64,48,True
3792,11,67,48,True
3840,12,69,48,True
3888,5,57,48,True
3936,3,53,144,True
4080,7,60,48,True
4128,7,60,48,True
4176,9,64,48,True
4224,9,64,48,True
4272,8,62,48,True
4320,4,55,144,True
4464,8,62,48,True
4512,11,67,48,True
4560,8,62,48,True
4608,9,64,48,True
4656,10,65,48,True
4704,9,64,96,True
4848,9,64,48,True
4896,11,67,48,True
4944,9,64,48,True
4992,11,67,48,True
5040,12,69,48,True
5088,5,57,144,True
5232,9,64,48,True
5280,11,67,48,True
5328,12,69,48,True
5376,9,64,48,True
5424,8,62,48,True
5472,1,50,48,True
5520,7,60,48,True
5568,5,57,48,True
5616,5,57,48,True
5664,6,59,48,True
5712,9,64,48,True
5760,7,60,48,True
5808,0,48,48,True
5856,3,53,48,True
5904,7,60,48,True
5952,6,59,48,True
6000,7,60,48,True
6048,6,59,48,True
6096,2,52,48,True
6144,4,55,48,True
6192,2,52,192,True
6384,5,57,48,True
6432,7,60,48,True
6480,5,57,48,True
6528,9,64,48,True
6576,2,52,48,True
6624,5,57,144,True
6768,8,62,48,True
6816,9,64,48,True
6864,11,67,48,True
6912,12,69,48,True
6960,5,57,48,True
7008,3,53,144,True
7152,7,60,48,True
7200,7,60,48,True
7248,9,64,48,True
7296,9,64,48,True
7344,8,62,48,True
7392,4,55,144,True
7536,8,62,48,True
7584,11,67,48,True
7632,8,62,48,True
7680,9,64,48,True
7728,10,65,48,True
7776,9,64,96,True
7920,9,64,48,True
7968,11,67,48,True
8016,9,64,48,True
8064,11,67,48,True
8112,12,69,48,True
8160,5,57,144,True
8304,9,64,48,True
8352,11,67,48,True
8400,12,69,48,True
8448,9,64,48,True
8496,8,62,48,True
8544,1,50,48,True
8592,7,60,48,True
8640,5,57,48,True
8688,5,57,48,True
8736,6,59,48,True
8784,9,64,48,True
8832,7,60,48,True
8880,0,48,48,True
8928,3,53,48,True
8976,7,60,48,True
9024,6,59,48,True
9072,7,60,48,True
9120,6,59,48,True
9168,2,52,48,True
9216,4,55,48,True
9264,2,52,192,True
9456,9,64,48,True
9504,9,64,48,True
9552,11,67,48,True
9600,12,69,48,True
9648,12,69,48,True
9696,11,67,48,True
9744,12,69,48,True
9792,8,62,48,True
9840,1,50,48,True
9888,4,55,48,True
9936,9,64,48,True
9984,11,67,48,True
10032,11,67,48,True
10080,9,64,48,True
10128,8,62,48,True
10176,9,64,48,True
10224,2,52,48,True
10272,5,57,48,True
10320,2,52,48,True
10368,5,57,48,True
10416,9,64,48,True
10464,5,57,48,True
10512,9,64,48,True
10560,8,62,48,True
10608,9,64,48,True
10656,4,55,48,True
10704,1,50,48,True
10752,0,48,48,True
10800,2,52,48,True
10848,5,57,48,True
10896,6,59,48,True
10944,7,60,48,True
10992,9,64,48,True
11040,9,64,48,True
11088,11,67,48,True
11136,12,69,48,True
11184,12,69,48,True
11232,11,67,48,True
11280,12,69,48,True
11328,8,62,48,True
11376,1,50,48,True
11424,4,55,48,True
11472,1,50,48,True
11520,11,67,48,True
11568,11,67,48,True
11616,9,64,48,True
11664,11,67,48,True
11712,5,57,48,True
11760,2,52,48,True
11808,5,57,48,True
11856,2,52,48,True
11904,5,57,48,True
11952,9,64,48,True
12000,5,57,48,True
12048,9,64,48,True
12096,8,62,48,True
12144,9,64,48,True
12192,11,67,48,True
12240,8,62,48,True
12288,5,57,48,True
12336,2,52,48,True
12384,5,57,48,True
12432,6,59,48,True
12480,7,60,48,True
12528,9,64,48,True
12576,12,69,48,True
12624,13,71,48,True
12672,14,72,48,True
12720,0,48,48,True
12768,9,64,48,True
12816,14,72,48,True
12864,13,71,48,True
12912,1,50,48,True
12960,8,62,48,True
13008,13,71,48,True
13056,12,69,48,True
13104,3,53,48,True
13152,0,48,48,True
13200,0,48,48,True
13248,0,48,48,True
13296,8,62,48,True
13344,9,64,48,True
13392,11,67,48,True
13440,14,72,48,True
13488,0,48,48,True
13536,3,53,48,True
13584,0,48,48,True
13632,2,52,48,True
13680,2,52,48,True
13728,4,55,48,True
13776,1,50,48,True
13824,0,48,48,True
13872,2,52,48,True
13920,5,57,48,True
13968,11,67,48,True
14016,12,69,48,True
14064,13,71,48,True
14112,14,72,48,True
14160,14,72,48,True
14208,11,67,48,True
14256,0,48,48,True
14304,3,53,48,True
14352,0,48,48,True
14400,2,52,48,True
14448,2,52,48,True
14496,4,55,48,True
14544,10,65,48,True
14592,11,67,48,True
14640,12,69,48,True
14688,14,72,48,True
14736,11,67,48,True
14784,12,69,48,True
14832,3,53,48,True
14880,5,57,48,True
14928,2,52,48,True
14976,1,50,48,True
15024,1,50,48,True
15072,3,53,48,True
15120,0,48,48,True
15168,2,52,48,True
15216,2,52,48,True
15264,4,55,48,True
15312,1,50,48,True
15360,0,48,48,True
15408,2,52,48,True
15456,5,57,48,True
15504,2,52,48,True
15552,0,48,48,True
15600,2,52,48,True
15648,5,57,48,True
15696,5,57,48,True
15744,9,64,48,True
15792,2,52,48,True
15840,5,57,144,True
15984,8,62,48,True
16032,9,64,48,True
16080,11,67,48,True
16128,12,69,48,True
16176,5,57,48,True
16224,3,53,144,True
16368,7,60,48,True
16416,7,60,48,True
16464,9,64,48,True
16512,9,64,48,True
16560,8,62,48,True
16608,4,55,144,True
16752,8,62,48,True
16800,11,67,48,True
16848,8,62,48,True
16896,9,64,48,True
16944,10,65,48,True
16992,9,64,96,True
17136,9,64,48,True
17184,11,67,48,True
17232,9,64,48,True
17280,11,67,48,True
17328,12,69,48,True
17376,5,57,144,True
17520,9,64,48,True
17568,11,67,48,True
17616,12,69,48,True
17664,9,64,48,True
17712,8,62,48,True
17760,1,50,48,True
17808,7,60,48,True
17856,5,57,48,True
17904,5,57,48,True
17952,6,59,48,True
18000,9,64,48,True
18048,7,60,48,True
18096,0,48,48,True
18144,3,53,48,True
18192,7,60,48,True
18240,6,59,48,True
18288,7,60,48,True
18336,6,59,48,True
18384,2,52,48,True
18432,4,55,48,True
18480,2,52,192,True
18672,9,64,48,True
18720,9,64,48,True
18768,11,67,48,True
18816,12,69,48,True
18864,12,69,48,True
18912,11,67,48,True
18960,12,69,48,True
19008,8,62,48,True
19056,1,50,48,True
19104,4,55,48,True
19152,9,64,48,True
19200,11,67,48,True
19248,11,67,48,True
19296,9,64,48,True
19344,8,62,48,True
19392,9,64,48,True
19440,2,52,48,True
19488,5,57,48,True
19536,2,52,48,True
19584,5,57,48,True
19632,9,64,48,True
19680,5,57,48,True
19728,9,64,48,True
19776,8,62,48,True
19824,9,64,48,True
19872,4,55,48,True
19920,1,50,48,True
19968,0,48,48,True
20016,2,52,48,True
20064,5,57,48,True
20112,6,59,48,True
20160,7,60,48,True
20208,9,64,48,True
20256,9,64,48,True
20304,11,67,48,True
20352,12,69,48,True
20400,12,69,48,True
20448,11,67,48,True
20496,12,69,48,True
20544,8,62,48,True
20592,1,50,48,True
20640,4,55,48,True
20688,1,50,48,True
20736,11,67,48,True
20784,11,67,48,True
20832,9,64,48,True
20880,11,67,48,True
20928,5,57,48,True
20976,2,52,48,True
21024,5,57,48,True
21072,2,52,48,True
21120,5,57,48,True
21168,9,64,48,True
21216,5,57,48,True
21264,9,64,48,True
21312,8,62,48,True
21360,9,64,48,True
21408,11,67,48,True
21456,8,62,48,True
21504,5,57,48,True
21552,2,52,48,True
21600,5,57,144,True
21744,9,64,48,True
21792,9,64,48,True
21840,11,67,48,True
21888,12,69,48,True
21936,12,69,48,True
21984,11,67,48,True
22032,12,69,48,True
22080,8,62,48,True
22128,1,50,48,True
22176,4,55,48,True
22224,9,64,48,True
22272,11,67,48,True
22320,11,67,48,True
22368,9,64,48,True
22416,8,62,48,True
22464,9,64,48,True
22512,2,52,48,True
22560,5,57,48,True
22608,2,52,48,True
22656,5,57,48,True
22704,9,64,48,True
22752,5,57,48,True
22800,9,64,48,True
22848,8,62,48,True
22896,9,64,48,True
22944,4,55,48,True
22992,1,50,48,True
23040,0,48,48,True
23088,2,52,48,True
23136,5,57,48,True
23184,6,59,48,True
23232,7,60,48,True
23280,9,64,48,True
23328,9,64,48,True
23376,11,67,48,True
23424,12,69,48,True
23472,12,69,48,True
23520,11,67,48,True
23568,12,69,48,True
23616,8,62,48,True
23664,1,50,48,True
23712,4,55,48,True
23760,1,50,48,True
23808,11,67,48,True
23856,11,67,48,True
23904,9,64,48,True
23952,11,67,48,True
24000,5,57,48,True
24048,2,52,48,True
24096,5,57,48,True
24144,2,52,48,True
24192,5,57,48,True
24240,9,64,48,True
24288,5,57,48,True
24336,9,64,48,True
24384,8,62,48,True
24432,9,64,48,True
24480,11,67,48,True
24528,8,62,48,True
24576,5,57,48,True
24624,2,52,48,True
24672,5,57,48,True
24720,2,52,48,True
24768,0,48,48,True
24816,9,64,48,True
24864,9,64,48,True
24912,11,67,48,True
24960,12,69,48,True
25008,12,69,48,True
25056,11,67,48,True
25104,12,69,48,True
25152,8,62,48,True
25200,1,50,48,True
25248,4,55,48,True
25296,1,50,48,True
25344,11,67,48,True
25392,11,67,48,True
25440,9,64,48,True
25488,11,67,48,True
25536,5,57,48,True
25584,2,52,48,True
25632,5,57,48,True
25680,2,52,48,True
25728,5,57,48,True
25776,9,64,48,True
25824,5,57,48,True
25872,9,64,48,True
25920,8,62,48,True
25968,1,50,48,True
26016,4,55,96,True
26112,0,48,96,True
26208,2,52,48,True
26256,5,57,48,True
26304,6,59,48,True
26352,8,62,48,True
26400,7,60,288,True
26688,5,57,960,True
